0.03685517823
0.03045372769
0.02631978334
0.02329645322
0.02093276366
0.01899347993
0.01734311626
0.01590179478
0.01462372893
0.01348626222
0.01248174723
0.0116091201
0.01086572158
0.01024226859
0.009722817347
0.009288230355
0.008920040156
0.008602755238
0.008324449431
0.008076318787
0.007851876809
0.007646173749
0.007455185821
0.007275391033
0.006935235593
0.0002670775148
0.0002267292915
0.0001887403654
0.0001636572985
0.0001508029036
0.0001326553742
9.019133034e-05
5.033397396e-05
4.174484827e-05
1.758421843e-05
1.406828226e-05
1.11520371e-05
1.027977166e-05
9.126050254e-06
6.825835113e-06
5.588373836e-06
3.489293715e-06
1.056521211e-06
3.482165081e-07
2.540755256e-07
1.300161859e-07
1.155847697e-07
6.6108898e-08
4.536148257e-08
2.925893664e-08
2.07133719e-08
1.764105063e-08
1.230345275e-08
9.309104314e-09
7.878992047e-09
7.153213131e-09
4.777951749e-09
4.101504989e-09
3.456901974e-09
2.979153709e-09
2.671040654e-09
2.215188336e-09
2.057549626e-09
1.40018295e-09
1.087426673e-09
8.59951235e-10
5.503464065e-10
4.151627938e-10
2.421617578e-10
2.244948626e-10
2.135923934e-10
1.249455366e-10
8.412801525e-11
6.151285763e-11
2.876555658e-11
2.116315809e-11
1.602346009e-11
1.042752585e-11
9.417812104e-12