0.0368552
0.0304641
0.0270452
0.0248168
0.0231837
0.0219009
0.020847
0.0199536
0.0191788
0.0184947
0.0178825
0.0173285
0.0168227
0.0163576
0.0159272
0.015527
0.0151534
0.0148032
0.0144741
0.0141639
0.0138709
0.0135937
0.0133309
0.0130815
0.0128443
0.0126187
0.0124037
0.0121986
0.012003
0.011816
0.0116374
0.0114665
0.0113028
0.0111461
0.0109959
0.0108519
0.0107137
0.0105811
0.0104536
0.0103311
0.0102133
0.0100999
0.00999072
0.00988552
0.00978409
0.00968623
0.00959175
0.00950047
0.0094122
0.0093268
0.0092441
0.00916396
0.00908623
0.00901078
0.00893749
0.00886624
0.00879691
0.0087294
0.0086636
0.00859943
0.00853678
0.00847558
0.00841574
0.00835719
0.00829987
0.00824369
0.0081886
0.00813454
0.00808146
0.00802929
0.007978
0.00792754
0.00787786
0.00782893
0.0077807
0.00773314
0.00768622
0.00763991
0.00759418
