1 7.31936 7.319360931
2 6.05221 6.052214429
3 0.888779 2.466110177
4 0.263238 0.9659678478
5 0.0748119 0.4160410308
6 0.0245092 0.2702694463
7 0.00762047 0.04574866169
8 0.00305457 0.01379828988
9 0.00108277 0.002304890657
10 0.000431093 0.000422559155
11 0.000185492 2.565790092e-05
12 7.33851e-05 4.014772402e-06
13 3.04526e-05 6.954412496e-07
14 1.28831e-05 4.408453754e-08
15 5.28875e-06 4.475017602e-09
16 2.19847e-06 2.325387728e-10
17 9.20298e-07 5.074067224e-11
18 3.81607e-07 1.070199168e-11
19 1.58678e-07 
20 6.61604e-08 
21 2.75068e-08 
22 1.14418e-08 
23 4.76423e-09 
24 1.98212e-09 
25 8.24673e-10 
26 3.43234e-10 
27 1.42823e-10 
28 5.94284e-11 
29 2.47311e-11 